           0     -0.5019277
           1     -0.3975040
           2     -0.3811400
           3     -0.3704349
           4     -0.3625561
           5     -0.3559768
           6     -0.3510295
           7     -0.3469371
           8     -0.3429888
           9     -0.3395787
          10     -0.3363030
          11     -0.3330321
          12     -0.3302467
          13     -0.3277093
          14     -0.3253281
          15     -0.3231225
          16     -0.3209339
          17     -0.3188021
          18     -0.3169625
          19     -0.3150907
          20     -0.3131494
          21     -0.3113644
          22     -0.3096286
          23     -0.3078409
          24     -0.3061125
          25     -0.3043597
          26     -0.3026211
          27     -0.3011325
          28     -0.2996602
          29     -0.2980911
          30     -0.2966099
          31     -0.2950940
          32     -0.2935767
          33     -0.2921632
          34     -0.2907756
          35     -0.2894283
          36     -0.2880442
          37     -0.2865753
          38     -0.2852014
          39     -0.2839573
          40     -0.2827910
          41     -0.2816103
          42     -0.2802576
          43     -0.2790353
          44     -0.2777897
          45     -0.2765633
          46     -0.2751724
          47     -0.2740135
          48     -0.2727284
          49     -0.2715238
          50     -0.2702605
          51     -0.2690758
          52     -0.2678938
          53     -0.2666639
          54     -0.2654061
          55     -0.2640718
          56     -0.2627601
          57     -0.2614886
          58     -0.2603202
          59     -0.2591163
          60     -0.2577977
          61     -0.2566034
          62     -0.2553859
          63     -0.2542264
          64     -0.2529986
          65     -0.2517278
          66     -0.2504850
          67     -0.2492347
          68     -0.2479066
          69     -0.2466590
          70     -0.2453868
          71     -0.2441154
          72     -0.2428917
          73     -0.2416154
          74     -0.2403890
          75     -0.2390410
          76     -0.2376869
          77     -0.2363445
          78     -0.2349869
          79     -0.2335277
          80     -0.2320056
          81     -0.2306713
          82     -0.2292325
          83     -0.2278326
          84     -0.2264239
          85     -0.2249025
          86     -0.2234009
          87     -0.2218952
          88     -0.2204995
          89     -0.2190668
          90     -0.2176198
          91     -0.2160445
          92     -0.2144610
          93     -0.2129252
          94     -0.2114011
          95     -0.2097650
          96     -0.2081985
          97     -0.2067126
          98     -0.2050915
          99     -0.2035912
         100     -0.2019012
         101     -0.2003210
         102     -0.1986446
         103     -0.1970351
         104     -0.1953615
         105     -0.1937526
         106     -0.1920510
         107     -0.1904251
         108     -0.1886278
         109     -0.1868230
         110     -0.1850046
         111     -0.1831875
         112     -0.1814134
         113     -0.1796442
         114     -0.1778837
         115     -0.1760114
         116     -0.1742373
         117     -0.1724584
         118     -0.1706646
         119     -0.1689656
         120     -0.1670994
         121     -0.1653130
         122     -0.1633922
         123     -0.1614932
         124     -0.1596706
         125     -0.1578098
         126     -0.1558903
         127     -0.1540022
         128     -0.1521496
         129     -0.1501864
         130     -0.1484301
         131     -0.1465277
         132     -0.1446184
         133     -0.1428368
         134     -0.1409126
         135     -0.1389644
         136     -0.1371889
         137     -0.1353609
         138     -0.1333424
         139     -0.1315028
         140     -0.1298161
         141     -0.1280762
         142     -0.1262216
         143     -0.1242952
         144     -0.1223347
         145     -0.1206406
         146     -0.1187948
         147     -0.1170030
         148     -0.1150569
         149     -0.1131551
         150     -0.1114452
         151     -0.1096302
         152     -0.1078411
         153     -0.1060145
         154     -0.1043538
         155     -0.1026842
         156     -0.1010344
         157     -0.0993676
         158     -0.0976406
         159     -0.0959813
         160     -0.0942960
         161     -0.0926653
         162     -0.0910006
         163     -0.0892906
         164     -0.0877255
         165     -0.0861106
         166     -0.0845414
         167     -0.0829886
         168     -0.0813627
         169     -0.0797047
         170     -0.0781956
         171     -0.0766551
         172     -0.0751187
         173     -0.0734150
         174     -0.0717037
         175     -0.0701679
         176     -0.0686780
         177     -0.0670719
         178     -0.0653074
         179     -0.0635832
         180     -0.0618863
         181     -0.0601463
         182     -0.0583955
         183     -0.0566577
         184     -0.0546699
         185     -0.0527988
         186     -0.0507100
         187     -0.0486908
         188     -0.0465282
         189     -0.0444707
         190     -0.0421039
         191     -0.0398314
         192     -0.0374154
         193     -0.0347489
         194     -0.0318980
         195     -0.0289255
         196     -0.0258622
         197     -0.0223188
         198     -0.0189271
         199     -0.0151414
         200     -0.0114129
         201     -0.0074121
         202     -0.0036591
         203      0.0006374
         204      0.0051026
         205      0.0095446
         206      0.0142447
         207      0.0192828
         208      0.0238941
         209      0.0284953
         210      0.0333462
         211      0.0383536
         212      0.0435638
         213      0.0490956
         214      0.0543147
         215      0.0600151
         216      0.0653818
         217      0.0711061
         218      0.0769132
         219      0.0830349
         220      0.0891458
         221      0.0950997
         222      0.1012037
         223      0.1074764
         224      0.1139370
         225      0.1213261
         226      0.1276200
         227      0.1341331
         228      0.1417524
         229      0.1486458
         230      0.1562938
         231      0.1642374
         232      0.1717066
         233      0.1794809
         234      0.1872593
         235      0.1954932
         236      0.2038377
         237      0.2118981
         238      0.2207800
         239      0.2296251
         240      0.2387009
         241      0.2487061
         242      0.2581801
         243      0.2673440
         244      0.2782970
         245      0.2896345
         246      0.3008907
         247      0.3113022
         248      0.3224409
         249      0.3335940
         250      0.3448598
         251      0.3573506
         252      0.3698660
         253      0.3818823
         254      0.3949535
         255      0.4087027
         256      0.4219508
         257      0.4366971
         258      0.4503010
         259      0.4637581
         260      0.4786859
         261      0.4940872
         262      0.5094432
         263      0.5255271
         264      0.5427352
         265      0.5597192
         266      0.5762457
         267      0.5938777
         268      0.6134722
         269      0.6321019
         270      0.6533278
         271      0.6759126
         272      0.6969957
         273      0.7185611
         274      0.7393124
         275      0.7607821
         276      0.7845107
         277      0.8082576
         278      0.8332864
         279      0.8612603
         280      0.8897723
         281      0.9158267
         282      0.9445210
         283      0.9744737
         284      1.0056959
         285      1.0375273
         286      1.0697637
         287      1.1049286
         288      1.1383927
         289      1.1757941
         290      1.2175562
         291      1.2623067
         292      1.3114394
         293      1.3671844
         294      1.4264003
         295      1.4938897
         296      1.5801851
         297      1.6900948
         298      1.8526474
         299      2.1809449
         300      6.3266349
